 1980  338.69
 1981  339.93
 1982  341.13
 1983  342.78
 1984  344.42
 1985  345.90
 1986  347.15
 1987  348.93
 1988  351.48
 1989  352.91
 1990  354.19
 1991  355.59
 1992  356.37
 1993  357.04
 1994  358.88
 1995  360.88
 1996  362.64
 1997  363.76
 1998  366.63
 1999  368.31
 2000  369.48
 2001  372.59
 2002  374.37
 2003  378.04
 2004  380.88
 2005  383.88
 2006  385.64
 2007  385.76
 2008  386.13
 2009  387.37
 2010  389.85
 2011  391.62
 2012  393.82
 2013  396.48
 2014  398.61
 2015  400.00
 2016  401.00
 2017  406.80
 2018  408.70
 2019  411.70
 2020  412.50
 2021  416.50
 2022  418.50
